title:PinGuiNPL

// Corrective Measure (god-pve)
dimwishlist:item=471518543&perks=1840239774,1087426260,3418782618,4049631843
dimwishlist:item=471518543&perks=1840239774,1087426260,3418782618,3824105627
dimwishlist:item=471518543&perks=1840239774,1087426260,1820235745,4049631843
dimwishlist:item=471518543&perks=1840239774,1087426260,1820235745,3824105627
dimwishlist:item=471518543&perks=1840239774,106909392,3418782618,4049631843
dimwishlist:item=471518543&perks=1840239774,106909392,3418782618,3824105627
dimwishlist:item=471518543&perks=1840239774,106909392,1820235745,4049631843
dimwishlist:item=471518543&perks=1840239774,106909392,1820235745,3824105627
dimwishlist:item=471518543&perks=4090651448,1087426260,3418782618,4049631843
dimwishlist:item=471518543&perks=4090651448,1087426260,3418782618,3824105627
dimwishlist:item=471518543&perks=4090651448,1087426260,1820235745,4049631843
dimwishlist:item=471518543&perks=4090651448,1087426260,1820235745,3824105627
dimwishlist:item=471518543&perks=4090651448,106909392,3418782618,4049631843
dimwishlist:item=471518543&perks=4090651448,106909392,3418782618,3824105627
dimwishlist:item=471518543&perks=4090651448,106909392,1820235745,4049631843
dimwishlist:item=471518543&perks=4090651448,106909392,1820235745,3824105627
dimwishlist:item=471518543&perks=839105230,1087426260,3418782618,4049631843
dimwishlist:item=471518543&perks=839105230,1087426260,3418782618,3824105627
dimwishlist:item=471518543&perks=839105230,1087426260,1820235745,4049631843
dimwishlist:item=471518543&perks=839105230,1087426260,1820235745,3824105627
dimwishlist:item=471518543&perks=839105230,106909392,3418782618,4049631843
dimwishlist:item=471518543&perks=839105230,106909392,3418782618,3824105627
dimwishlist:item=471518543&perks=839105230,106909392,1820235745,4049631843
dimwishlist:item=471518543&perks=839105230,106909392,1820235745,3824105627
dimwishlist:item=471518543&perks=1392496348,1087426260,3418782618,4049631843
dimwishlist:item=471518543&perks=1392496348,1087426260,3418782618,3824105627
dimwishlist:item=471518543&perks=1392496348,1087426260,1820235745,4049631843
dimwishlist:item=471518543&perks=1392496348,1087426260,1820235745,3824105627
dimwishlist:item=471518543&perks=1392496348,106909392,3418782618,4049631843
dimwishlist:item=471518543&perks=1392496348,106909392,3418782618,3824105627
dimwishlist:item=471518543&perks=1392496348,106909392,1820235745,4049631843
dimwishlist:item=471518543&perks=1392496348,106909392,1820235745,3824105627
dimwishlist:item=471518543&perks=3250034553,1087426260,3418782618,4049631843
dimwishlist:item=471518543&perks=3250034553,1087426260,3418782618,3824105627
dimwishlist:item=471518543&perks=3250034553,1087426260,1820235745,4049631843
dimwishlist:item=471518543&perks=3250034553,1087426260,1820235745,3824105627
dimwishlist:item=471518543&perks=3250034553,106909392,3418782618,4049631843
dimwishlist:item=471518543&perks=3250034553,106909392,3418782618,3824105627
dimwishlist:item=471518543&perks=3250034553,106909392,1820235745,4049631843
dimwishlist:item=471518543&perks=3250034553,106909392,1820235745,3824105627
dimwishlist:item=471518543&perks=1482024992,1087426260,3418782618,4049631843
dimwishlist:item=471518543&perks=1482024992,1087426260,3418782618,3824105627
dimwishlist:item=471518543&perks=1482024992,1087426260,1820235745,4049631843
dimwishlist:item=471518543&perks=1482024992,1087426260,1820235745,3824105627
dimwishlist:item=471518543&perks=1482024992,106909392,3418782618,4049631843
dimwishlist:item=471518543&perks=1482024992,106909392,3418782618,3824105627
dimwishlist:item=471518543&perks=1482024992,106909392,1820235745,4049631843
dimwishlist:item=471518543&perks=1482024992,106909392,1820235745,3824105627


// The Last Breath (pve)
dimwishlist:item=507038823&perks=1467527085,1885400500,2621346526,4104185692
dimwishlist:item=507038823&perks=1467527085,1885400500,2621346526,4049631843
dimwishlist:item=507038823&perks=1467527085,1885400500,2621346526,3673922083
dimwishlist:item=507038823&perks=1467527085,1885400500,1820235745,4104185692
dimwishlist:item=507038823&perks=1467527085,1885400500,1820235745,4049631843
dimwishlist:item=507038823&perks=1467527085,1885400500,1820235745,3673922083
dimwishlist:item=507038823&perks=1467527085,1087426260,2621346526,4104185692
dimwishlist:item=507038823&perks=1467527085,1087426260,2621346526,4049631843
dimwishlist:item=507038823&perks=1467527085,1087426260,2621346526,3673922083
dimwishlist:item=507038823&perks=1467527085,1087426260,1820235745,4104185692
dimwishlist:item=507038823&perks=1467527085,1087426260,1820235745,4049631843
dimwishlist:item=507038823&perks=1467527085,1087426260,1820235745,3673922083
dimwishlist:item=507038823&perks=1467527085,1561002382,2621346526,4104185692
dimwishlist:item=507038823&perks=1467527085,1561002382,2621346526,4049631843
dimwishlist:item=507038823&perks=1467527085,1561002382,2621346526,3673922083
dimwishlist:item=507038823&perks=1467527085,1561002382,1820235745,4104185692
dimwishlist:item=507038823&perks=1467527085,1561002382,1820235745,4049631843
dimwishlist:item=507038823&perks=1467527085,1561002382,1820235745,3673922083
dimwishlist:item=507038823&perks=1467527085,1968497646,2621346526,4104185692
dimwishlist:item=507038823&perks=1467527085,1968497646,2621346526,4049631843
dimwishlist:item=507038823&perks=1467527085,1968497646,2621346526,3673922083
dimwishlist:item=507038823&perks=1467527085,1968497646,1820235745,4104185692
dimwishlist:item=507038823&perks=1467527085,1968497646,1820235745,4049631843
dimwishlist:item=507038823&perks=1467527085,1968497646,1820235745,3673922083
dimwishlist:item=507038823&perks=839105230,1885400500,2621346526,4104185692
dimwishlist:item=507038823&perks=839105230,1885400500,2621346526,4049631843
dimwishlist:item=507038823&perks=839105230,1885400500,2621346526,3673922083
dimwishlist:item=507038823&perks=839105230,1885400500,1820235745,4104185692
dimwishlist:item=507038823&perks=839105230,1885400500,1820235745,4049631843
dimwishlist:item=507038823&perks=839105230,1885400500,1820235745,3673922083
dimwishlist:item=507038823&perks=839105230,1087426260,2621346526,4104185692
dimwishlist:item=507038823&perks=839105230,1087426260,2621346526,4049631843
dimwishlist:item=507038823&perks=839105230,1087426260,2621346526,3673922083
dimwishlist:item=507038823&perks=839105230,1087426260,1820235745,4104185692
dimwishlist:item=507038823&perks=839105230,1087426260,1820235745,4049631843
dimwishlist:item=507038823&perks=839105230,1087426260,1820235745,3673922083
dimwishlist:item=507038823&perks=839105230,1561002382,2621346526,4104185692
dimwishlist:item=507038823&perks=839105230,1561002382,2621346526,4049631843
dimwishlist:item=507038823&perks=839105230,1561002382,2621346526,3673922083
dimwishlist:item=507038823&perks=839105230,1561002382,1820235745,4104185692
dimwishlist:item=507038823&perks=839105230,1561002382,1820235745,4049631843
dimwishlist:item=507038823&perks=839105230,1561002382,1820235745,3673922083
dimwishlist:item=507038823&perks=839105230,1968497646,2621346526,4104185692
dimwishlist:item=507038823&perks=839105230,1968497646,2621346526,4049631843
dimwishlist:item=507038823&perks=839105230,1968497646,2621346526,3673922083
dimwishlist:item=507038823&perks=839105230,1968497646,1820235745,4104185692
dimwishlist:item=507038823&perks=839105230,1968497646,1820235745,4049631843
dimwishlist:item=507038823&perks=839105230,1968497646,1820235745,3673922083
dimwishlist:item=507038823&perks=4090651448,1885400500,2621346526,4104185692
dimwishlist:item=507038823&perks=4090651448,1885400500,2621346526,4049631843
dimwishlist:item=507038823&perks=4090651448,1885400500,2621346526,3673922083
dimwishlist:item=507038823&perks=4090651448,1885400500,1820235745,4104185692
dimwishlist:item=507038823&perks=4090651448,1885400500,1820235745,4049631843
dimwishlist:item=507038823&perks=4090651448,1885400500,1820235745,3673922083
dimwishlist:item=507038823&perks=4090651448,1087426260,2621346526,4104185692
dimwishlist:item=507038823&perks=4090651448,1087426260,2621346526,4049631843
dimwishlist:item=507038823&perks=4090651448,1087426260,2621346526,3673922083
dimwishlist:item=507038823&perks=4090651448,1087426260,1820235745,4104185692
dimwishlist:item=507038823&perks=4090651448,1087426260,1820235745,4049631843
dimwishlist:item=507038823&perks=4090651448,1087426260,1820235745,3673922083
dimwishlist:item=507038823&perks=4090651448,1561002382,2621346526,4104185692
dimwishlist:item=507038823&perks=4090651448,1561002382,2621346526,4049631843
dimwishlist:item=507038823&perks=4090651448,1561002382,2621346526,3673922083
dimwishlist:item=507038823&perks=4090651448,1561002382,1820235745,4104185692
dimwishlist:item=507038823&perks=4090651448,1561002382,1820235745,4049631843
dimwishlist:item=507038823&perks=4090651448,1561002382,1820235745,3673922083
dimwishlist:item=507038823&perks=4090651448,1968497646,2621346526,4104185692
dimwishlist:item=507038823&perks=4090651448,1968497646,2621346526,4049631843
dimwishlist:item=507038823&perks=4090651448,1968497646,2621346526,3673922083
dimwishlist:item=507038823&perks=4090651448,1968497646,1820235745,4104185692
dimwishlist:item=507038823&perks=4090651448,1968497646,1820235745,4049631843
dimwishlist:item=507038823&perks=4090651448,1968497646,1820235745,3673922083
dimwishlist:item=507038823&perks=3661387068,1885400500,2621346526,4104185692
dimwishlist:item=507038823&perks=3661387068,1885400500,2621346526,4049631843
dimwishlist:item=507038823&perks=3661387068,1885400500,2621346526,3673922083
dimwishlist:item=507038823&perks=3661387068,1885400500,1820235745,4104185692
dimwishlist:item=507038823&perks=3661387068,1885400500,1820235745,4049631843
dimwishlist:item=507038823&perks=3661387068,1885400500,1820235745,3673922083
dimwishlist:item=507038823&perks=3661387068,1087426260,2621346526,4104185692
dimwishlist:item=507038823&perks=3661387068,1087426260,2621346526,4049631843
dimwishlist:item=507038823&perks=3661387068,1087426260,2621346526,3673922083
dimwishlist:item=507038823&perks=3661387068,1087426260,1820235745,4104185692
dimwishlist:item=507038823&perks=3661387068,1087426260,1820235745,4049631843
dimwishlist:item=507038823&perks=3661387068,1087426260,1820235745,3673922083
dimwishlist:item=507038823&perks=3661387068,1561002382,2621346526,4104185692
dimwishlist:item=507038823&perks=3661387068,1561002382,2621346526,4049631843
dimwishlist:item=507038823&perks=3661387068,1561002382,2621346526,3673922083
dimwishlist:item=507038823&perks=3661387068,1561002382,1820235745,4104185692
dimwishlist:item=507038823&perks=3661387068,1561002382,1820235745,4049631843
dimwishlist:item=507038823&perks=3661387068,1561002382,1820235745,3673922083
dimwishlist:item=507038823&perks=3661387068,1968497646,2621346526,4104185692
dimwishlist:item=507038823&perks=3661387068,1968497646,2621346526,4049631843
dimwishlist:item=507038823&perks=3661387068,1968497646,2621346526,3673922083
dimwishlist:item=507038823&perks=3661387068,1968497646,1820235745,4104185692
dimwishlist:item=507038823&perks=3661387068,1968497646,1820235745,4049631843
dimwishlist:item=507038823&perks=3661387068,1968497646,1820235745,3673922083
dimwishlist:item=507038823&perks=1840239774,1885400500,2621346526,4104185692
dimwishlist:item=507038823&perks=1840239774,1885400500,2621346526,4049631843
dimwishlist:item=507038823&perks=1840239774,1885400500,2621346526,3673922083
dimwishlist:item=507038823&perks=1840239774,1885400500,1820235745,4104185692
dimwishlist:item=507038823&perks=1840239774,1885400500,1820235745,4049631843
dimwishlist:item=507038823&perks=1840239774,1885400500,1820235745,3673922083
dimwishlist:item=507038823&perks=1840239774,1087426260,2621346526,4104185692
dimwishlist:item=507038823&perks=1840239774,1087426260,2621346526,4049631843
dimwishlist:item=507038823&perks=1840239774,1087426260,2621346526,3673922083
dimwishlist:item=507038823&perks=1840239774,1087426260,1820235745,4104185692
dimwishlist:item=507038823&perks=1840239774,1087426260,1820235745,4049631843
dimwishlist:item=507038823&perks=1840239774,1087426260,1820235745,3673922083
dimwishlist:item=507038823&perks=1840239774,1561002382,2621346526,4104185692
dimwishlist:item=507038823&perks=1840239774,1561002382,2621346526,4049631843
dimwishlist:item=507038823&perks=1840239774,1561002382,2621346526,3673922083
dimwishlist:item=507038823&perks=1840239774,1561002382,1820235745,4104185692
dimwishlist:item=507038823&perks=1840239774,1561002382,1820235745,4049631843
dimwishlist:item=507038823&perks=1840239774,1561002382,1820235745,3673922083
dimwishlist:item=507038823&perks=1840239774,1968497646,2621346526,4104185692
dimwishlist:item=507038823&perks=1840239774,1968497646,2621346526,4049631843
dimwishlist:item=507038823&perks=1840239774,1968497646,2621346526,3673922083
dimwishlist:item=507038823&perks=1840239774,1968497646,1820235745,4104185692
dimwishlist:item=507038823&perks=1840239774,1968497646,1820235745,4049631843
dimwishlist:item=507038823&perks=1840239774,1968497646,1820235745,3673922083
dimwishlist:item=507038823&perks=202670084,1885400500,2621346526,4104185692
dimwishlist:item=507038823&perks=202670084,1885400500,2621346526,4049631843
dimwishlist:item=507038823&perks=202670084,1885400500,2621346526,3673922083
dimwishlist:item=507038823&perks=202670084,1885400500,1820235745,4104185692
dimwishlist:item=507038823&perks=202670084,1885400500,1820235745,4049631843
dimwishlist:item=507038823&perks=202670084,1885400500,1820235745,3673922083
dimwishlist:item=507038823&perks=202670084,1087426260,2621346526,4104185692
dimwishlist:item=507038823&perks=202670084,1087426260,2621346526,4049631843
dimwishlist:item=507038823&perks=202670084,1087426260,2621346526,3673922083
dimwishlist:item=507038823&perks=202670084,1087426260,1820235745,4104185692
dimwishlist:item=507038823&perks=202670084,1087426260,1820235745,4049631843
dimwishlist:item=507038823&perks=202670084,1087426260,1820235745,3673922083
dimwishlist:item=507038823&perks=202670084,1561002382,2621346526,4104185692
dimwishlist:item=507038823&perks=202670084,1561002382,2621346526,4049631843
dimwishlist:item=507038823&perks=202670084,1561002382,2621346526,3673922083
dimwishlist:item=507038823&perks=202670084,1561002382,1820235745,4104185692
dimwishlist:item=507038823&perks=202670084,1561002382,1820235745,4049631843
dimwishlist:item=507038823&perks=202670084,1561002382,1820235745,3673922083
dimwishlist:item=507038823&perks=202670084,1968497646,2621346526,4104185692
dimwishlist:item=507038823&perks=202670084,1968497646,2621346526,4049631843
dimwishlist:item=507038823&perks=202670084,1968497646,2621346526,3673922083
dimwishlist:item=507038823&perks=202670084,1968497646,1820235745,4104185692
dimwishlist:item=507038823&perks=202670084,1968497646,1820235745,4049631843
dimwishlist:item=507038823&perks=202670084,1968497646,1820235745,3673922083
dimwishlist:item=507038823&perks=3250034553,1885400500,2621346526,4104185692
dimwishlist:item=507038823&perks=3250034553,1885400500,2621346526,4049631843
dimwishlist:item=507038823&perks=3250034553,1885400500,2621346526,3673922083
dimwishlist:item=507038823&perks=3250034553,1885400500,1820235745,4104185692
dimwishlist:item=507038823&perks=3250034553,1885400500,1820235745,4049631843
dimwishlist:item=507038823&perks=3250034553,1885400500,1820235745,3673922083
dimwishlist:item=507038823&perks=3250034553,1087426260,2621346526,4104185692
dimwishlist:item=507038823&perks=3250034553,1087426260,2621346526,4049631843
dimwishlist:item=507038823&perks=3250034553,1087426260,2621346526,3673922083
dimwishlist:item=507038823&perks=3250034553,1087426260,1820235745,4104185692
dimwishlist:item=507038823&perks=3250034553,1087426260,1820235745,4049631843
dimwishlist:item=507038823&perks=3250034553,1087426260,1820235745,3673922083
dimwishlist:item=507038823&perks=3250034553,1561002382,2621346526,4104185692
dimwishlist:item=507038823&perks=3250034553,1561002382,2621346526,4049631843
dimwishlist:item=507038823&perks=3250034553,1561002382,2621346526,3673922083
dimwishlist:item=507038823&perks=3250034553,1561002382,1820235745,4104185692
dimwishlist:item=507038823&perks=3250034553,1561002382,1820235745,4049631843
dimwishlist:item=507038823&perks=3250034553,1561002382,1820235745,3673922083
dimwishlist:item=507038823&perks=3250034553,1968497646,2621346526,4104185692
dimwishlist:item=507038823&perks=3250034553,1968497646,2621346526,4049631843
dimwishlist:item=507038823&perks=3250034553,1968497646,2621346526,3673922083
dimwishlist:item=507038823&perks=3250034553,1968497646,1820235745,4104185692
dimwishlist:item=507038823&perks=3250034553,1968497646,1820235745,4049631843
dimwishlist:item=507038823&perks=3250034553,1968497646,1820235745,3673922083
dimwishlist:item=507038823&perks=1392496348,1885400500,2621346526,4104185692
dimwishlist:item=507038823&perks=1392496348,1885400500,2621346526,4049631843
dimwishlist:item=507038823&perks=1392496348,1885400500,2621346526,3673922083
dimwishlist:item=507038823&perks=1392496348,1885400500,1820235745,4104185692
dimwishlist:item=507038823&perks=1392496348,1885400500,1820235745,4049631843
dimwishlist:item=507038823&perks=1392496348,1885400500,1820235745,3673922083
dimwishlist:item=507038823&perks=1392496348,1087426260,2621346526,4104185692
dimwishlist:item=507038823&perks=1392496348,1087426260,2621346526,4049631843
dimwishlist:item=507038823&perks=1392496348,1087426260,2621346526,3673922083
dimwishlist:item=507038823&perks=1392496348,1087426260,1820235745,4104185692
dimwishlist:item=507038823&perks=1392496348,1087426260,1820235745,4049631843
dimwishlist:item=507038823&perks=1392496348,1087426260,1820235745,3673922083
dimwishlist:item=507038823&perks=1392496348,1561002382,2621346526,4104185692
dimwishlist:item=507038823&perks=1392496348,1561002382,2621346526,4049631843
dimwishlist:item=507038823&perks=1392496348,1561002382,2621346526,3673922083
dimwishlist:item=507038823&perks=1392496348,1561002382,1820235745,4104185692
dimwishlist:item=507038823&perks=1392496348,1561002382,1820235745,4049631843
dimwishlist:item=507038823&perks=1392496348,1561002382,1820235745,3673922083
dimwishlist:item=507038823&perks=1392496348,1968497646,2621346526,4104185692
dimwishlist:item=507038823&perks=1392496348,1968497646,2621346526,4049631843
dimwishlist:item=507038823&perks=1392496348,1968497646,2621346526,3673922083
dimwishlist:item=507038823&perks=1392496348,1968497646,1820235745,4104185692
dimwishlist:item=507038823&perks=1392496348,1968497646,1820235745,4049631843
dimwishlist:item=507038823&perks=1392496348,1968497646,1820235745,3673922083
dimwishlist:item=507038823&perks=1482024992,1885400500,2621346526,4104185692
dimwishlist:item=507038823&perks=1482024992,1885400500,2621346526,4049631843
dimwishlist:item=507038823&perks=1482024992,1885400500,2621346526,3673922083
dimwishlist:item=507038823&perks=1482024992,1885400500,1820235745,4104185692
dimwishlist:item=507038823&perks=1482024992,1885400500,1820235745,4049631843
dimwishlist:item=507038823&perks=1482024992,1885400500,1820235745,3673922083
dimwishlist:item=507038823&perks=1482024992,1087426260,2621346526,4104185692
dimwishlist:item=507038823&perks=1482024992,1087426260,2621346526,4049631843
dimwishlist:item=507038823&perks=1482024992,1087426260,2621346526,3673922083
dimwishlist:item=507038823&perks=1482024992,1087426260,1820235745,4104185692
dimwishlist:item=507038823&perks=1482024992,1087426260,1820235745,4049631843
dimwishlist:item=507038823&perks=1482024992,1087426260,1820235745,3673922083
dimwishlist:item=507038823&perks=1482024992,1561002382,2621346526,4104185692
dimwishlist:item=507038823&perks=1482024992,1561002382,2621346526,4049631843
dimwishlist:item=507038823&perks=1482024992,1561002382,2621346526,3673922083
dimwishlist:item=507038823&perks=1482024992,1561002382,1820235745,4104185692
dimwishlist:item=507038823&perks=1482024992,1561002382,1820235745,4049631843
dimwishlist:item=507038823&perks=1482024992,1561002382,1820235745,3673922083
dimwishlist:item=507038823&perks=1482024992,1968497646,2621346526,4104185692
dimwishlist:item=507038823&perks=1482024992,1968497646,2621346526,4049631843
dimwishlist:item=507038823&perks=1482024992,1968497646,2621346526,3673922083
dimwishlist:item=507038823&perks=1482024992,1968497646,1820235745,4104185692
dimwishlist:item=507038823&perks=1482024992,1968497646,1820235745,4049631843
dimwishlist:item=507038823&perks=1482024992,1968497646,1820235745,3673922083


// Sojourner's Tale (god-pve)
dimwishlist:item=599895591&perks=3250034553,791862061,3300816228,4104185692


// Sojourner's Tale (god-pvp)
dimwishlist:item=599895591&perks=3250034553,791862061,706527188,47981717
dimwishlist:item=599895591&perks=3250034553,3142289711,706527188,47981717


// Found Verdict (Timelost) (god-pve)
dimwishlist:item=631439337&perks=1047830412,791862061,3418782618,1546637391
dimwishlist:item=631439337&perks=1047830412,791862061,3418782618,4104185692


// Found Verdict (Timelost) (pvp)
dimwishlist:item=631439337&perks=1047830412,791862061,3161816588,47981717
dimwishlist:item=631439337&perks=1047830412,791862061,3436462433,47981717
dimwishlist:item=631439337&perks=1047830412,3142289711,3161816588,47981717
dimwishlist:item=631439337&perks=1047830412,3142289711,3436462433,47981717
dimwishlist:item=631439337&perks=1482024992,791862061,3161816588,47981717
dimwishlist:item=631439337&perks=1482024992,791862061,3436462433,47981717
dimwishlist:item=631439337&perks=1482024992,3142289711,3161816588,47981717
dimwishlist:item=631439337&perks=1482024992,3142289711,3436462433,47981717
dimwishlist:item=631439337&perks=1300023272,791862061,3161816588,47981717
dimwishlist:item=631439337&perks=1300023272,791862061,3436462433,47981717
dimwishlist:item=631439337&perks=1300023272,3142289711,3161816588,47981717
dimwishlist:item=631439337&perks=1300023272,3142289711,3436462433,47981717


// Vision of Confluence (Timelost) (pve)
dimwishlist:item=690668916&perks=1840239774,1087426260,3418782618,1683379515
dimwishlist:item=690668916&perks=1840239774,1087426260,3418782618,4104185692
dimwishlist:item=690668916&perks=1840239774,1087426260,3418782618,3824105627


// Uzume RR4 (Adept) (god-pve)
dimwishlist:item=852228780&perks=1840239774,1087426260,3400784728,1546637391
dimwishlist:item=852228780&perks=1840239774,1087426260,3400784728,3038247973
dimwishlist:item=852228780&perks=1840239774,1087426260,2284787283,1546637391
dimwishlist:item=852228780&perks=1840239774,1087426260,2284787283,3038247973
dimwishlist:item=852228780&perks=1840239774,106909392,3400784728,1546637391
dimwishlist:item=852228780&perks=1840239774,106909392,3400784728,3038247973
dimwishlist:item=852228780&perks=1840239774,106909392,2284787283,1546637391
dimwishlist:item=852228780&perks=1840239774,106909392,2284787283,3038247973


// Far Future (pvp)
dimwishlist:item=893527433&perks=3250034553,3142289711,706527188,47981717
dimwishlist:item=893527433&perks=1467527085,3142289711,706527188,47981717


// Far Future (pve)
dimwishlist:item=893527433&perks=839105230,2420895100,3436462433,4104185692
dimwishlist:item=893527433&perks=839105230,106909392,3436462433,4104185692
dimwishlist:item=893527433&perks=839105230,1087426260,3436462433,4104185692
dimwishlist:item=893527433&perks=1840239774,2420895100,3436462433,4104185692
dimwishlist:item=893527433&perks=1840239774,106909392,3436462433,4104185692
dimwishlist:item=893527433&perks=1840239774,1087426260,3436462433,4104185692
dimwishlist:item=893527433&perks=1482024992,2420895100,3436462433,4104185692
dimwishlist:item=893527433&perks=1482024992,106909392,3436462433,4104185692
dimwishlist:item=893527433&perks=1482024992,1087426260,3436462433,4104185692


// Chrysura Melo (god-pve)
dimwishlist:item=1337707096&perks=839105230,3142289711,2621346526,4104185692
dimwishlist:item=1337707096&perks=839105230,3142289711,1168162263,4104185692
dimwishlist:item=1337707096&perks=839105230,3142289711,1354429876,4104185692
dimwishlist:item=1337707096&perks=839105230,106909392,2621346526,4104185692
dimwishlist:item=1337707096&perks=839105230,106909392,1168162263,4104185692
dimwishlist:item=1337707096&perks=839105230,106909392,1354429876,4104185692
dimwishlist:item=1337707096&perks=839105230,1087426260,2621346526,4104185692
dimwishlist:item=1337707096&perks=839105230,1087426260,1168162263,4104185692
dimwishlist:item=1337707096&perks=839105230,1087426260,1354429876,4104185692
dimwishlist:item=1337707096&perks=3661387068,3142289711,2621346526,4104185692
dimwishlist:item=1337707096&perks=3661387068,3142289711,1168162263,4104185692
dimwishlist:item=1337707096&perks=3661387068,3142289711,1354429876,4104185692
dimwishlist:item=1337707096&perks=3661387068,106909392,2621346526,4104185692
dimwishlist:item=1337707096&perks=3661387068,106909392,1168162263,4104185692
dimwishlist:item=1337707096&perks=3661387068,106909392,1354429876,4104185692
dimwishlist:item=1337707096&perks=3661387068,1087426260,2621346526,4104185692
dimwishlist:item=1337707096&perks=3661387068,1087426260,1168162263,4104185692
dimwishlist:item=1337707096&perks=3661387068,1087426260,1354429876,4104185692
dimwishlist:item=1337707096&perks=4090651448,3142289711,2621346526,4104185692
dimwishlist:item=1337707096&perks=4090651448,3142289711,1168162263,4104185692
dimwishlist:item=1337707096&perks=4090651448,3142289711,1354429876,4104185692
dimwishlist:item=1337707096&perks=4090651448,106909392,2621346526,4104185692
dimwishlist:item=1337707096&perks=4090651448,106909392,1168162263,4104185692
dimwishlist:item=1337707096&perks=4090651448,106909392,1354429876,4104185692
dimwishlist:item=1337707096&perks=4090651448,1087426260,2621346526,4104185692
dimwishlist:item=1337707096&perks=4090651448,1087426260,1168162263,4104185692
dimwishlist:item=1337707096&perks=4090651448,1087426260,1354429876,4104185692
dimwishlist:item=1337707096&perks=1840239774,3142289711,2621346526,4104185692
dimwishlist:item=1337707096&perks=1840239774,3142289711,1168162263,4104185692
dimwishlist:item=1337707096&perks=1840239774,3142289711,1354429876,4104185692
dimwishlist:item=1337707096&perks=1840239774,106909392,2621346526,4104185692
dimwishlist:item=1337707096&perks=1840239774,106909392,1168162263,4104185692
dimwishlist:item=1337707096&perks=1840239774,106909392,1354429876,4104185692
dimwishlist:item=1337707096&perks=1840239774,1087426260,2621346526,4104185692
dimwishlist:item=1337707096&perks=1840239774,1087426260,1168162263,4104185692
dimwishlist:item=1337707096&perks=1840239774,1087426260,1354429876,4104185692
dimwishlist:item=1337707096&perks=1467527085,3142289711,2621346526,4104185692
dimwishlist:item=1337707096&perks=1467527085,3142289711,1168162263,4104185692
dimwishlist:item=1337707096&perks=1467527085,3142289711,1354429876,4104185692
dimwishlist:item=1337707096&perks=1467527085,106909392,2621346526,4104185692
dimwishlist:item=1337707096&perks=1467527085,106909392,1168162263,4104185692
dimwishlist:item=1337707096&perks=1467527085,106909392,1354429876,4104185692
dimwishlist:item=1337707096&perks=1467527085,1087426260,2621346526,4104185692
dimwishlist:item=1337707096&perks=1467527085,1087426260,1168162263,4104185692
dimwishlist:item=1337707096&perks=1467527085,1087426260,1354429876,4104185692
dimwishlist:item=1337707096&perks=3250034553,3142289711,2621346526,4104185692
dimwishlist:item=1337707096&perks=3250034553,3142289711,1168162263,4104185692
dimwishlist:item=1337707096&perks=3250034553,3142289711,1354429876,4104185692
dimwishlist:item=1337707096&perks=3250034553,106909392,2621346526,4104185692
dimwishlist:item=1337707096&perks=3250034553,106909392,1168162263,4104185692
dimwishlist:item=1337707096&perks=3250034553,106909392,1354429876,4104185692
dimwishlist:item=1337707096&perks=3250034553,1087426260,2621346526,4104185692
dimwishlist:item=1337707096&perks=3250034553,1087426260,1168162263,4104185692
dimwishlist:item=1337707096&perks=3250034553,1087426260,1354429876,4104185692
dimwishlist:item=1337707096&perks=1482024992,3142289711,2621346526,4104185692
dimwishlist:item=1337707096&perks=1482024992,3142289711,1168162263,4104185692
dimwishlist:item=1337707096&perks=1482024992,3142289711,1354429876,4104185692
dimwishlist:item=1337707096&perks=1482024992,106909392,2621346526,4104185692
dimwishlist:item=1337707096&perks=1482024992,106909392,1168162263,4104185692
dimwishlist:item=1337707096&perks=1482024992,106909392,1354429876,4104185692
dimwishlist:item=1337707096&perks=1482024992,1087426260,2621346526,4104185692
dimwishlist:item=1337707096&perks=1482024992,1087426260,1168162263,4104185692
dimwishlist:item=1337707096&perks=1482024992,1087426260,1354429876,4104185692


// Reed's Regret (god-pve)
dimwishlist:item=1399243961&perks=1840239774,1687452232,2284787283,1546637391
dimwishlist:item=1399243961&perks=1840239774,1687452232,3400784728,1546637391
dimwishlist:item=1399243961&perks=839105230,1687452232,2284787283,1546637391
dimwishlist:item=1399243961&perks=839105230,1687452232,3400784728,1546637391
dimwishlist:item=1399243961&perks=4090651448,1687452232,2284787283,1546637391
dimwishlist:item=1399243961&perks=4090651448,1687452232,3400784728,1546637391
dimwishlist:item=1399243961&perks=3250034553,1687452232,2284787283,1546637391
dimwishlist:item=1399243961&perks=3250034553,1687452232,3400784728,1546637391
dimwishlist:item=1399243961&perks=1392496348,1687452232,2284787283,1546637391
dimwishlist:item=1399243961&perks=1392496348,1687452232,3400784728,1546637391
dimwishlist:item=1399243961&perks=1482024992,1687452232,2284787283,1546637391
dimwishlist:item=1399243961&perks=1482024992,1687452232,3400784728,1546637391


// Judgment (god-pvp)
dimwishlist:item=1476654960&perks=1926090095,3142289711,1195158366,1954620775
dimwishlist:item=1476654960&perks=1926090094,3142289711,1195158366,1954620775


// Gridskipper (god-pve)
dimwishlist:item=1621558458&perks=1840239774,1087426260,2946784966,4104185692
dimwishlist:item=1621558458&perks=1840239774,1087426260,1570042021,4104185692
dimwishlist:item=1621558458&perks=1840239774,1968497646,2946784966,4104185692
dimwishlist:item=1621558458&perks=1840239774,1968497646,1570042021,4104185692
dimwishlist:item=1621558458&perks=1840239774,3230963543,2946784966,4104185692
dimwishlist:item=1621558458&perks=1840239774,3230963543,1570042021,4104185692
dimwishlist:item=1621558458&perks=1482024992,1087426260,2946784966,4104185692
dimwishlist:item=1621558458&perks=1482024992,1087426260,1570042021,4104185692
dimwishlist:item=1621558458&perks=1482024992,1968497646,2946784966,4104185692
dimwishlist:item=1621558458&perks=1482024992,1968497646,1570042021,4104185692
dimwishlist:item=1621558458&perks=1482024992,3230963543,2946784966,4104185692
dimwishlist:item=1621558458&perks=1482024992,3230963543,1570042021,4104185692
dimwishlist:item=1621558458&perks=839105230,1087426260,2946784966,4104185692
dimwishlist:item=1621558458&perks=839105230,1087426260,1570042021,4104185692
dimwishlist:item=1621558458&perks=839105230,1968497646,2946784966,4104185692
dimwishlist:item=1621558458&perks=839105230,1968497646,1570042021,4104185692
dimwishlist:item=1621558458&perks=839105230,3230963543,2946784966,4104185692
dimwishlist:item=1621558458&perks=839105230,3230963543,1570042021,4104185692


// Gridskipper (god-pvp)
dimwishlist:item=1621558458&perks=839105230,1885400500,1570042021,957782887
dimwishlist:item=1621558458&perks=839105230,1885400500,588594999,957782887
dimwishlist:item=1621558458&perks=839105230,1885400500,2946784966,957782887
dimwishlist:item=1621558458&perks=839105230,1561002382,1570042021,957782887
dimwishlist:item=1621558458&perks=839105230,1561002382,588594999,957782887
dimwishlist:item=1621558458&perks=839105230,1561002382,2946784966,957782887
dimwishlist:item=1621558458&perks=1482024992,1885400500,1570042021,957782887
dimwishlist:item=1621558458&perks=1482024992,1885400500,588594999,957782887
dimwishlist:item=1621558458&perks=1482024992,1885400500,2946784966,957782887
dimwishlist:item=1621558458&perks=1482024992,1561002382,1570042021,957782887
dimwishlist:item=1621558458&perks=1482024992,1561002382,588594999,957782887
dimwishlist:item=1621558458&perks=1482024992,1561002382,2946784966,957782887
dimwishlist:item=1621558458&perks=1840239774,1885400500,1570042021,957782887
dimwishlist:item=1621558458&perks=1840239774,1885400500,588594999,957782887
dimwishlist:item=1621558458&perks=1840239774,1885400500,2946784966,957782887
dimwishlist:item=1621558458&perks=1840239774,1561002382,1570042021,957782887
dimwishlist:item=1621558458&perks=1840239774,1561002382,588594999,957782887
dimwishlist:item=1621558458&perks=1840239774,1561002382,2946784966,957782887


// Vulpecula (pve)
dimwishlist:item=1622998472&perks=3661387068,1087426260,3700496672,124408337
dimwishlist:item=1622998472&perks=3661387068,1087426260,3700496672,3038247973
dimwishlist:item=1622998472&perks=3661387068,1087426260,2621346526,124408337
dimwishlist:item=1622998472&perks=3661387068,1087426260,2621346526,3038247973
dimwishlist:item=1622998472&perks=3661387068,1087426260,1168162263,124408337
dimwishlist:item=1622998472&perks=3661387068,1087426260,1168162263,3038247973
dimwishlist:item=1622998472&perks=3661387068,106909392,3700496672,124408337
dimwishlist:item=1622998472&perks=3661387068,106909392,3700496672,3038247973
dimwishlist:item=1622998472&perks=3661387068,106909392,2621346526,124408337
dimwishlist:item=1622998472&perks=3661387068,106909392,2621346526,3038247973
dimwishlist:item=1622998472&perks=3661387068,106909392,1168162263,124408337
dimwishlist:item=1622998472&perks=3661387068,106909392,1168162263,3038247973
dimwishlist:item=1622998472&perks=3661387068,3230963543,3700496672,124408337
dimwishlist:item=1622998472&perks=3661387068,3230963543,3700496672,3038247973
dimwishlist:item=1622998472&perks=3661387068,3230963543,2621346526,124408337
dimwishlist:item=1622998472&perks=3661387068,3230963543,2621346526,3038247973
dimwishlist:item=1622998472&perks=3661387068,3230963543,1168162263,124408337
dimwishlist:item=1622998472&perks=3661387068,3230963543,1168162263,3038247973
dimwishlist:item=1622998472&perks=202670084,1087426260,3700496672,124408337
dimwishlist:item=1622998472&perks=202670084,1087426260,3700496672,3038247973
dimwishlist:item=1622998472&perks=202670084,1087426260,2621346526,124408337
dimwishlist:item=1622998472&perks=202670084,1087426260,2621346526,3038247973
dimwishlist:item=1622998472&perks=202670084,1087426260,1168162263,124408337
dimwishlist:item=1622998472&perks=202670084,1087426260,1168162263,3038247973
dimwishlist:item=1622998472&perks=202670084,106909392,3700496672,124408337
dimwishlist:item=1622998472&perks=202670084,106909392,3700496672,3038247973
dimwishlist:item=1622998472&perks=202670084,106909392,2621346526,124408337
dimwishlist:item=1622998472&perks=202670084,106909392,2621346526,3038247973
dimwishlist:item=1622998472&perks=202670084,106909392,1168162263,124408337
dimwishlist:item=1622998472&perks=202670084,106909392,1168162263,3038247973
dimwishlist:item=1622998472&perks=202670084,3230963543,3700496672,124408337
dimwishlist:item=1622998472&perks=202670084,3230963543,3700496672,3038247973
dimwishlist:item=1622998472&perks=202670084,3230963543,2621346526,124408337
dimwishlist:item=1622998472&perks=202670084,3230963543,2621346526,3038247973
dimwishlist:item=1622998472&perks=202670084,3230963543,1168162263,124408337
dimwishlist:item=1622998472&perks=202670084,3230963543,1168162263,3038247973


// Uzume RR4 (god-pve)
dimwishlist:item=2065081837&perks=1840239774,1087426260,3400784728,3038247973
dimwishlist:item=2065081837&perks=1840239774,1087426260,3400784728,1546637391
dimwishlist:item=2065081837&perks=1840239774,1087426260,2284787283,3038247973
dimwishlist:item=2065081837&perks=1840239774,1087426260,2284787283,1546637391
dimwishlist:item=2065081837&perks=1840239774,106909392,3400784728,3038247973
dimwishlist:item=2065081837&perks=1840239774,106909392,3400784728,1546637391
dimwishlist:item=2065081837&perks=1840239774,106909392,2284787283,3038247973
dimwishlist:item=2065081837&perks=1840239774,106909392,2284787283,1546637391


// Reed's Regret (Adept) (god-pve)
dimwishlist:item=2475355656&perks=1840239774,1687452232,2284787283,1546637391
dimwishlist:item=2475355656&perks=1840239774,1687452232,3400784728,1546637391
dimwishlist:item=2475355656&perks=839105230,1687452232,2284787283,1546637391
dimwishlist:item=2475355656&perks=839105230,1687452232,3400784728,1546637391
dimwishlist:item=2475355656&perks=4090651448,1687452232,2284787283,1546637391
dimwishlist:item=2475355656&perks=4090651448,1687452232,3400784728,1546637391
dimwishlist:item=2475355656&perks=3250034553,1687452232,2284787283,1546637391
dimwishlist:item=2475355656&perks=3250034553,1687452232,3400784728,1546637391
dimwishlist:item=2475355656&perks=1392496348,1687452232,2284787283,1546637391
dimwishlist:item=2475355656&perks=1392496348,1687452232,3400784728,1546637391
dimwishlist:item=2475355656&perks=1482024992,1687452232,2284787283,1546637391
dimwishlist:item=2475355656&perks=1482024992,1687452232,3400784728,1546637391


// Cartesian Coordinate (god-pve)
dimwishlist:item=2481881293&perks=13792279,1687452232,2779035018,1546637391
dimwishlist:item=2481881293&perks=13792278,1687452232,2779035018,1546637391
dimwishlist:item=2481881293&perks=2405638014,1687452232,2779035018,1546637391


// Succession (god-pve)
dimwishlist:item=2990047042&perks=1840239774,106909392,1523832109,1546637391
dimwishlist:item=2990047042&perks=1840239774,2420895100,1523832109,1546637391
dimwishlist:item=2990047042&perks=839105230,106909392,1523832109,1546637391
dimwishlist:item=2990047042&perks=839105230,2420895100,1523832109,1546637391
dimwishlist:item=2990047042&perks=4090651448,106909392,1523832109,1546637391
dimwishlist:item=2990047042&perks=4090651448,2420895100,1523832109,1546637391
dimwishlist:item=2990047042&perks=1467527085,106909392,1523832109,1546637391
dimwishlist:item=2990047042&perks=1467527085,2420895100,1523832109,1546637391


// Threaded Needle (god-pve)
dimwishlist:item=3075224551&perks=1840239774,1687452232,2284787283,1546637391
dimwishlist:item=3075224551&perks=1840239774,1687452232,3300816228,1546637391
dimwishlist:item=3075224551&perks=839105230,1687452232,2284787283,1546637391
dimwishlist:item=3075224551&perks=839105230,1687452232,3300816228,1546637391
dimwishlist:item=3075224551&perks=4090651448,1687452232,2284787283,1546637391
dimwishlist:item=3075224551&perks=4090651448,1687452232,3300816228,1546637391


// Fractethyst (pvp)
dimwishlist:item=3184681056&perks=1332244541,791862061,706527188,47981717
dimwishlist:item=3184681056&perks=1332244541,791862061,706527188,3673922083
dimwishlist:item=3184681056&perks=1332244541,791862061,3161816588,47981717
dimwishlist:item=3184681056&perks=1332244541,791862061,3161816588,3673922083
dimwishlist:item=3184681056&perks=1332244541,3142289711,706527188,47981717
dimwishlist:item=3184681056&perks=1332244541,3142289711,706527188,3673922083
dimwishlist:item=3184681056&perks=1332244541,3142289711,3161816588,47981717
dimwishlist:item=3184681056&perks=1332244541,3142289711,3161816588,3673922083
dimwishlist:item=3184681056&perks=1482024992,791862061,706527188,47981717
dimwishlist:item=3184681056&perks=1482024992,791862061,706527188,3673922083
dimwishlist:item=3184681056&perks=1482024992,791862061,3161816588,47981717
dimwishlist:item=3184681056&perks=1482024992,791862061,3161816588,3673922083
dimwishlist:item=3184681056&perks=1482024992,3142289711,706527188,47981717
dimwishlist:item=3184681056&perks=1482024992,3142289711,706527188,3673922083
dimwishlist:item=3184681056&perks=1482024992,3142289711,3161816588,47981717
dimwishlist:item=3184681056&perks=1482024992,3142289711,3161816588,3673922083
dimwishlist:item=3184681056&perks=466087222,791862061,706527188,47981717
dimwishlist:item=3184681056&perks=466087222,791862061,706527188,3673922083
dimwishlist:item=3184681056&perks=466087222,791862061,3161816588,47981717
dimwishlist:item=3184681056&perks=466087222,791862061,3161816588,3673922083
dimwishlist:item=3184681056&perks=466087222,3142289711,706527188,47981717
dimwishlist:item=3184681056&perks=466087222,3142289711,706527188,3673922083
dimwishlist:item=3184681056&perks=466087222,3142289711,3161816588,47981717
dimwishlist:item=3184681056&perks=466087222,3142289711,3161816588,3673922083


// Vision of Confluence (pve)
dimwishlist:item=3186018373&perks=1840239774,1087426260,3418782618,1683379515
dimwishlist:item=3186018373&perks=1840239774,1087426260,3418782618,4104185692
dimwishlist:item=3186018373&perks=1840239774,1087426260,3418782618,3824105627


// Found Verdict (god-pve)
dimwishlist:item=3197270240&perks=1047830412,791862061,3418782618,4104185692
dimwishlist:item=3197270240&perks=1047830412,791862061,3418782618,1546637391


// Found Verdict (pvp)
dimwishlist:item=3197270240&perks=1047830412,791862061,3161816588,47981717
dimwishlist:item=3197270240&perks=1047830412,791862061,3436462433,47981717
dimwishlist:item=3197270240&perks=1047830412,3142289711,3161816588,47981717
dimwishlist:item=3197270240&perks=1047830412,3142289711,3436462433,47981717
dimwishlist:item=3197270240&perks=1482024992,791862061,3161816588,47981717
dimwishlist:item=3197270240&perks=1482024992,791862061,3436462433,47981717
dimwishlist:item=3197270240&perks=1482024992,3142289711,3161816588,47981717
dimwishlist:item=3197270240&perks=1482024992,3142289711,3436462433,47981717
dimwishlist:item=3197270240&perks=1300023272,791862061,3161816588,47981717
dimwishlist:item=3197270240&perks=1300023272,791862061,3436462433,47981717
dimwishlist:item=3197270240&perks=1300023272,3142289711,3161816588,47981717
dimwishlist:item=3197270240&perks=1300023272,3142289711,3436462433,47981717


// Vouchsafe (god-pve)
dimwishlist:item=3242168339&perks=1840239774,3142289711,247725512,3038247973
dimwishlist:item=3242168339&perks=1840239774,1087426260,247725512,3038247973
dimwishlist:item=3242168339&perks=1840239774,106909392,247725512,3038247973
dimwishlist:item=3242168339&perks=839105230,3142289711,247725512,3038247973
dimwishlist:item=3242168339&perks=839105230,1087426260,247725512,3038247973
dimwishlist:item=3242168339&perks=839105230,106909392,247725512,3038247973
dimwishlist:item=3242168339&perks=4090651448,3142289711,247725512,3038247973
dimwishlist:item=3242168339&perks=4090651448,1087426260,247725512,3038247973
dimwishlist:item=3242168339&perks=4090651448,106909392,247725512,3038247973
dimwishlist:item=3242168339&perks=3250034553,3142289711,247725512,3038247973
dimwishlist:item=3242168339&perks=3250034553,1087426260,247725512,3038247973
dimwishlist:item=3242168339&perks=3250034553,106909392,247725512,3038247973
dimwishlist:item=3242168339&perks=1392496348,3142289711,247725512,3038247973
dimwishlist:item=3242168339&perks=1392496348,1087426260,247725512,3038247973
dimwishlist:item=3242168339&perks=1392496348,106909392,247725512,3038247973
dimwishlist:item=3242168339&perks=1482024992,3142289711,247725512,3038247973
dimwishlist:item=3242168339&perks=1482024992,1087426260,247725512,3038247973
dimwishlist:item=3242168339&perks=1482024992,106909392,247725512,3038247973


// The Long Walk (god-pve)
dimwishlist:item=3326850591&perks=839105230,1087426260,2284787283,1771339417
dimwishlist:item=3326850591&perks=839105230,1087426260,2284787283,4104185692
dimwishlist:item=3326850591&perks=3661387068,1087426260,2284787283,1771339417
dimwishlist:item=3326850591&perks=3661387068,1087426260,2284787283,4104185692
dimwishlist:item=3326850591&perks=4090651448,1087426260,2284787283,1771339417
dimwishlist:item=3326850591&perks=4090651448,1087426260,2284787283,4104185692
dimwishlist:item=3326850591&perks=1840239774,1087426260,2284787283,1771339417
dimwishlist:item=3326850591&perks=1840239774,1087426260,2284787283,4104185692
dimwishlist:item=3326850591&perks=3250034553,1087426260,2284787283,1771339417
dimwishlist:item=3326850591&perks=3250034553,1087426260,2284787283,4104185692
dimwishlist:item=3326850591&perks=1482024992,1087426260,2284787283,1771339417
dimwishlist:item=3326850591&perks=1482024992,1087426260,2284787283,4104185692
dimwishlist:item=3326850591&perks=1392496348,1087426260,2284787283,1771339417
dimwishlist:item=3326850591&perks=1392496348,1087426260,2284787283,4104185692


// Praedyth's Revenge (pve)
dimwishlist:item=3653573172&perks=839105230,106909392,3418782618,2213355989
dimwishlist:item=3653573172&perks=839105230,106909392,3418782618,4104185692


// Praedyth's Revenge (pvp)
dimwishlist:item=3653573172&perks=1840239774,3142289711,588594999,47981717
dimwishlist:item=3653573172&perks=1840239774,106909392,588594999,47981717


// Corrective Measure (Timelost) (god-pve)
dimwishlist:item=3796510434&perks=1392496348,1087426260,3418782618,3824105627
dimwishlist:item=3796510434&perks=1392496348,1087426260,3418782618,4049631843
dimwishlist:item=3796510434&perks=1392496348,1087426260,1820235745,3824105627
dimwishlist:item=3796510434&perks=1392496348,1087426260,1820235745,4049631843
dimwishlist:item=3796510434&perks=1392496348,106909392,3418782618,3824105627
dimwishlist:item=3796510434&perks=1392496348,106909392,3418782618,4049631843
dimwishlist:item=3796510434&perks=1392496348,106909392,1820235745,3824105627
dimwishlist:item=3796510434&perks=1392496348,106909392,1820235745,4049631843
dimwishlist:item=3796510434&perks=839105230,1087426260,3418782618,3824105627
dimwishlist:item=3796510434&perks=839105230,1087426260,3418782618,4049631843
dimwishlist:item=3796510434&perks=839105230,1087426260,1820235745,3824105627
dimwishlist:item=3796510434&perks=839105230,1087426260,1820235745,4049631843
dimwishlist:item=3796510434&perks=839105230,106909392,3418782618,3824105627
dimwishlist:item=3796510434&perks=839105230,106909392,3418782618,4049631843
dimwishlist:item=3796510434&perks=839105230,106909392,1820235745,3824105627
dimwishlist:item=3796510434&perks=839105230,106909392,1820235745,4049631843
dimwishlist:item=3796510434&perks=4090651448,1087426260,3418782618,3824105627
dimwishlist:item=3796510434&perks=4090651448,1087426260,3418782618,4049631843
dimwishlist:item=3796510434&perks=4090651448,1087426260,1820235745,3824105627
dimwishlist:item=3796510434&perks=4090651448,1087426260,1820235745,4049631843
dimwishlist:item=3796510434&perks=4090651448,106909392,3418782618,3824105627
dimwishlist:item=3796510434&perks=4090651448,106909392,3418782618,4049631843
dimwishlist:item=3796510434&perks=4090651448,106909392,1820235745,3824105627
dimwishlist:item=3796510434&perks=4090651448,106909392,1820235745,4049631843
dimwishlist:item=3796510434&perks=1840239774,1087426260,3418782618,3824105627
dimwishlist:item=3796510434&perks=1840239774,1087426260,3418782618,4049631843
dimwishlist:item=3796510434&perks=1840239774,1087426260,1820235745,3824105627
dimwishlist:item=3796510434&perks=1840239774,1087426260,1820235745,4049631843
dimwishlist:item=3796510434&perks=1840239774,106909392,3418782618,3824105627
dimwishlist:item=3796510434&perks=1840239774,106909392,3418782618,4049631843
dimwishlist:item=3796510434&perks=1840239774,106909392,1820235745,3824105627
dimwishlist:item=3796510434&perks=1840239774,106909392,1820235745,4049631843
dimwishlist:item=3796510434&perks=3250034553,1087426260,3418782618,3824105627
dimwishlist:item=3796510434&perks=3250034553,1087426260,3418782618,4049631843
dimwishlist:item=3796510434&perks=3250034553,1087426260,1820235745,3824105627
dimwishlist:item=3796510434&perks=3250034553,1087426260,1820235745,4049631843
dimwishlist:item=3796510434&perks=3250034553,106909392,3418782618,3824105627
dimwishlist:item=3796510434&perks=3250034553,106909392,3418782618,4049631843
dimwishlist:item=3796510434&perks=3250034553,106909392,1820235745,3824105627
dimwishlist:item=3796510434&perks=3250034553,106909392,1820235745,4049631843
dimwishlist:item=3796510434&perks=1482024992,1087426260,3418782618,3824105627
dimwishlist:item=3796510434&perks=1482024992,1087426260,3418782618,4049631843
dimwishlist:item=3796510434&perks=1482024992,1087426260,1820235745,3824105627
dimwishlist:item=3796510434&perks=1482024992,1087426260,1820235745,4049631843
dimwishlist:item=3796510434&perks=1482024992,106909392,3418782618,3824105627
dimwishlist:item=3796510434&perks=1482024992,106909392,3418782618,4049631843
dimwishlist:item=3796510434&perks=1482024992,106909392,1820235745,3824105627
dimwishlist:item=3796510434&perks=1482024992,106909392,1820235745,4049631843


// Hezen Vengeance (god-pve)
dimwishlist:item=4050645223&perks=3525010810,3796465595,3977735242,1546637391
dimwishlist:item=4050645223&perks=3525010810,3796465595,3977735242,1275731761
dimwishlist:item=4050645223&perks=3525010810,3796465595,3977735242,3927722942
dimwishlist:item=4050645223&perks=3525010810,3796465595,951095735,1546637391
dimwishlist:item=4050645223&perks=3525010810,3796465595,951095735,1275731761
dimwishlist:item=4050645223&perks=3525010810,3796465595,951095735,3927722942
dimwishlist:item=4050645223&perks=3525010810,3796465595,3300816228,1546637391
dimwishlist:item=4050645223&perks=3525010810,3796465595,3300816228,1275731761
dimwishlist:item=4050645223&perks=3525010810,3796465595,3300816228,3927722942
dimwishlist:item=4050645223&perks=3525010810,2985827016,3977735242,1546637391
dimwishlist:item=4050645223&perks=3525010810,2985827016,3977735242,1275731761
dimwishlist:item=4050645223&perks=3525010810,2985827016,3977735242,3927722942
dimwishlist:item=4050645223&perks=3525010810,2985827016,951095735,1546637391
dimwishlist:item=4050645223&perks=3525010810,2985827016,951095735,1275731761
dimwishlist:item=4050645223&perks=3525010810,2985827016,951095735,3927722942
dimwishlist:item=4050645223&perks=3525010810,2985827016,3300816228,1546637391
dimwishlist:item=4050645223&perks=3525010810,2985827016,3300816228,1275731761
dimwishlist:item=4050645223&perks=3525010810,2985827016,3300816228,3927722942
dimwishlist:item=4050645223&perks=981914802,3796465595,3977735242,1546637391
dimwishlist:item=4050645223&perks=981914802,3796465595,3977735242,1275731761
dimwishlist:item=4050645223&perks=981914802,3796465595,3977735242,3927722942
dimwishlist:item=4050645223&perks=981914802,3796465595,951095735,1546637391
dimwishlist:item=4050645223&perks=981914802,3796465595,951095735,1275731761
dimwishlist:item=4050645223&perks=981914802,3796465595,951095735,3927722942
dimwishlist:item=4050645223&perks=981914802,3796465595,3300816228,1546637391
dimwishlist:item=4050645223&perks=981914802,3796465595,3300816228,1275731761
dimwishlist:item=4050645223&perks=981914802,3796465595,3300816228,3927722942
dimwishlist:item=4050645223&perks=981914802,2985827016,3977735242,1546637391
dimwishlist:item=4050645223&perks=981914802,2985827016,3977735242,1275731761
dimwishlist:item=4050645223&perks=981914802,2985827016,3977735242,3927722942
dimwishlist:item=4050645223&perks=981914802,2985827016,951095735,1546637391
dimwishlist:item=4050645223&perks=981914802,2985827016,951095735,1275731761
dimwishlist:item=4050645223&perks=981914802,2985827016,951095735,3927722942
dimwishlist:item=4050645223&perks=981914802,2985827016,3300816228,1546637391
dimwishlist:item=4050645223&perks=981914802,2985827016,3300816228,1275731761
dimwishlist:item=4050645223&perks=981914802,2985827016,3300816228,3927722942


